[gd_scene load_steps=12 format=2]

[ext_resource path="res://assets/3d_car_customizable/assets/car.glb" type="PackedScene" id=1]
[ext_resource path="res://Main.gd" type="Script" id=2]
[ext_resource path="res://RoadShader.gdshader" type="Shader" id=11]
[ext_resource path="res://Ground.gd" type="Script" id=12]

[sub_resource type="BoxShape" id=1]
extents = Vector3( 0.5, 1, 0.5 )

[sub_resource type="ShaderMaterial" id=14]
shader = ExtResource( 11 )
shader_param/lane_width = 0.01
shader_param/lane_count = 2
shader_param/stripe_width = 0.0005
shader_param/stripe_dist = 0.03125
shader_param/stripe_len = 0.0195312
shader_param/line_width = 0.0005

[sub_resource type="PlaneMesh" id=2]
material = SubResource( 14 )
size = Vector2( 1, 1 )

[sub_resource type="BoxShape" id=6]
extents = Vector3( 0.9, 0.64, 1.6 )

[sub_resource type="ConvexPolygonShape" id=18]
points = PoolVector3Array( -1, 0, 0, 1, 0, 0, 1, 0, 1, -1, 0, 1, -1, 1.25, 0, 1, 1.25, 0, 0, 0, 1.5 )

[sub_resource type="SphereShape" id=22]
radius = 0.376977

[sub_resource type="BoxShape" id=23]
extents = Vector3( 1, 0.165138, 1.48301 )

[node name="Spatial" type="Spatial"]
script = ExtResource( 2 )

[node name="Ground" type="StaticBody" parent="."]
transform = Transform( 1000, 0, 0, 0, 1, 0, 0, 0, 256, 0, 0, 0 )
collision_layer = 2
collision_mask = 0
script = ExtResource( 12 )
camera_path = NodePath("../CameraPos")

[node name="CollisionShape" type="CollisionShape" parent="Ground"]
transform = Transform( 1, 0, 0, 0, 1, 0, 0, 0, 1, 0, -1, 0 )
shape = SubResource( 1 )

[node name="MeshInstance" type="MeshInstance" parent="Ground"]
mesh = SubResource( 2 )
material/0 = null

[node name="CameraPos" type="Position3D" parent="."]
transform = Transform( 1, 0, 0, 0, 0.75471, 0.656059, 0, -0.656059, 0.75471, 0, 30.313, 48.801 )

[node name="Car" type="KinematicBody" parent="."]
transform = Transform( -2, 0, -3.01992e-07, 0, 2, 0, 3.01992e-07, 0, -2, -5, 1.68459, 30 )
axis_lock_motion_y = true
move_lock_y = true

[node name="CollisionShape" type="CollisionShape" parent="Car"]
transform = Transform( 1, 0, 0, 0, 1, 0, 0, 0, 1, 4.76837e-07, 0, -0.651312 )
shape = SubResource( 6 )

[node name="CollisionShape2" type="CollisionShape" parent="Car"]
transform = Transform( 1, 0, 0, 0, 1, 0, 0, 0, 1, 1.66893e-06, -0.631194, 0.948125 )
shape = SubResource( 18 )

[node name="FrontArea" type="Area" parent="Car"]
transform = Transform( 1, 0, 0, 0, 1, 0, 0, 0, 1, 1.66893e-06, -0.137382, 1.96613 )
space_override = 3
gravity_vec = Vector3( 0, 1, 0 )

[node name="CollisionShape" type="CollisionShape" parent="Car/FrontArea"]
shape = SubResource( 22 )

[node name="TopArea" type="Area" parent="Car"]
transform = Transform( 1, 0, 0, 0, 1, 0, 0, 0, 1, 4.76837e-07, 0.759776, -0.570573 )
space_override = 1
gravity_vec = Vector3( 0, 0, 1 )
gravity = 20.0

[node name="CollisionShape" type="CollisionShape" parent="Car/TopArea"]
shape = SubResource( 23 )

[node name="Model" parent="Car" instance=ExtResource( 1 )]

[node name="DirectionalLight" type="DirectionalLight" parent="."]
transform = Transform( 0.625664, -0.335574, -0.704226, 0.745732, -0.00768603, 0.666202, -0.228973, -0.941982, 0.24544, 0, 0, 0 )
shadow_enabled = true
shadow_bias = 0.6
directional_shadow_mode = 0
directional_shadow_depth_range = 1

[node name="MenuCameraPos" type="Position3D" parent="."]
transform = Transform( 0.699888, -0.44216, 0.560938, 0, 0.785349, 0.619053, -0.714253, -0.433268, 0.549656, 23.8045, 18.7817, 36.9208 )

[node name="Camera" type="Camera" parent="."]
fov = 50.0
