[gd_scene load_steps=7 format=2]

[ext_resource path="res://Boxes.gd" type="Script" id=1]

[sub_resource type="PhysicsMaterial" id=17]
bounce = 0.1

[sub_resource type="BoxShape" id=15]

[sub_resource type="CubeMesh" id=16]

[sub_resource type="DynamicFontData" id=20]
font_path = "res://assets/FiraGO-Regular.otf"

[sub_resource type="DynamicFont" id=21]
size = 200
font_data = SubResource( 20 )

[node name="LeftBoxes" type="Spatial"]
transform = Transform( 1, 0, 0, 0, 1, 0, 0, 0, 1, -4.5, 0, 0 )
script = ExtResource( 1 )

[node name="Box1" type="RigidBody" parent="."]
transform = Transform( 0.996405, 0, 0.0847213, 0, 1, 0, -0.0847213, 0, 0.996405, -1.29503, 1.00833, 0.228878 )
collision_mask = 3
mass = 0.01
physics_material_override = SubResource( 17 )
contacts_reported = 10
contact_monitor = true
sleeping = true
linear_damp = 0.5

[node name="CollisionShape" type="CollisionShape" parent="Box1"]
shape = SubResource( 15 )

[node name="MeshInstance" type="MeshInstance" parent="Box1"]
mesh = SubResource( 16 )
material/0 = null

[node name="Box2" type="RigidBody" parent="."]
transform = Transform( 0.974605, 0, -0.223931, 0, 1, 0, 0.223931, 0, 0.974605, 1.11677, 1.01417, 0.110779 )
collision_mask = 3
mass = 0.01
physics_material_override = SubResource( 17 )
contacts_reported = 10
contact_monitor = true
sleeping = true
linear_damp = 0.5

[node name="CollisionShape" type="CollisionShape" parent="Box2"]
shape = SubResource( 15 )

[node name="MeshInstance" type="MeshInstance" parent="Box2"]
mesh = SubResource( 16 )
material/0 = null

[node name="Box3" type="RigidBody" parent="."]
transform = Transform( 0.997592, 0, 0.0693561, 0, 1, 0, -0.0693561, 0, 0.997592, -0.135002, 3.06401, 0.151482 )
collision_mask = 3
mass = 0.01
physics_material_override = SubResource( 17 )
contacts_reported = 10
contact_monitor = true
sleeping = true
linear_damp = 0.5

[node name="CollisionShape" type="CollisionShape" parent="Box3"]
shape = SubResource( 15 )

[node name="MeshInstance" type="MeshInstance" parent="Box3"]
transform = Transform( 0.99949, 0, -0.0319341, 0, 1, 0, 0.0319341, 0, 0.99949, 0, -0.0246572, 0 )
mesh = SubResource( 16 )
material/0 = null

[node name="Sprite3D" type="Sprite3D" parent="."]
transform = Transform( 2, 0, 0, 0, 2, 0, 0, 0, 1, -20.47, 12.1401, -5.36946 )
billboard = 1
region_rect = Rect2( 0, 0, 200, 200 )

[node name="Viewport" type="Viewport" parent="Sprite3D"]
size = Vector2( 1500, 1500 )
transparent_bg = true
usage = 0
render_target_v_flip = true
gui_disable_input = true

[node name="Label" type="Label" parent="Sprite3D/Viewport"]
anchor_right = 0.9
anchor_bottom = 1.0
margin_right = 40.0
margin_bottom = 14.0
custom_fonts/font = SubResource( 21 )
text = "The quick brown fox"
align = 2
valign = 2
autowrap = true
